186
185
188
19
216
20
206
21
22
10
101
12
136
14
142
143
144
15
151
156
168
169
17
170
180
182
54
183
184
263
75
210
214
215
220
221
225
226
222
223
227
231
228
234
76
235
236
89
88
24
218
240
25
250
261
28
40
41
35
37
38
36
44
69
43
46
9
93
39
48
47
262
229
58
59
60
232
233
67
7
72
55
94
95
98
56
195
190
191
192
193
194
152
178
237
238
243
244
207
245
246
85
256
257
64
63
87
90
100
247
248
254
128
129
130
131
132
133
157
158
159
160
196
197
198
199
161
162
200
201
202
31
32
33
34
11
141
147
148
150
153
167
68
171
176
177
172
179
187
189
203
204
155
205
209
217
211
219
260
16
27
264
70
258
259
26
51
52
80
81
23
96
99
138
139
140
145
146
154
251
92
97
45
18
134
135
137
181
213
212
224
230
239
249
241
242
252
253
255
29
30
49
50
57
61
62
66
73
77
78
79
82
83
84